D: [-0.536268, 0.246096, -0.002573, -0.004909, 0.0]
K: [1948.414022, 0.0, 1079.787783, 0.0, 1941.514653, 583.737564, 0.0, 0.0, 1.0]
P: [1638.173096, 0.0, 1113.997164, 0.0, 0.0, 1851.162109, 585.963549, 0.0, 0.0, 0.0,
  1.0, 0.0]
R: [1.0, 0.0, 0.0, 0.0, 1.0, 0.0, 0.0, 0.0, 1.0]
binning_x: 0
binning_y: 0
distortion_model: plumb_bob
header:
  frame_id: velodyne64
  seq: 0
  stamp: {nsecs: 0, secs: 0}
height: 1080
roi: {do_rectify: false, height: 0, width: 0, x_offset: 0, y_offset: 0}
width: 1920
